Effects=flicker.fx,GaussianBlur.fx,ChromaticAberration.fx,crt-lottes.fx,image-adjustment.fx,crt-geom.fx,Bloom.fx
Techniques=GaussianBlur,Flicker,CA,ImageAdjustment,GeomCRT,LottesCRT,BloomAndLensFlares
TechniqueSorting=GaussianBlur,Flicker,CA,FilmGrain,ImageAdjustment,GeomCRT,LottesCRT,BloomAndLensFlares

[GaussianBlur.fx]
GaussianBlurRadius=3.000000
GaussianBlurOffset=1.000000
GaussianBlurStrength=0.333333

[Splitscreen.fx]
splitscreen_mode=4.000000

[CRT.fx]
Amount=1.000000
ScanlineGaussian=1
Resolution=1.000000
Brightness=0.900000
Gamma=2.400000
Curvature=1
MonitorGamma=2.200000
ScanlineIntensity=2
CurvatureRadius=1.500000
CornerSize=0.010000
ViewerDistance=2.000000
Angle=0.000000,0.000000
Overscan=1.010000
Oversample=1

[Bloom.fx]
bGodrayEnable=0.000000
iBloomMixmode=2.000000
fBloomSaturation=0.840000
fBloomThreshold=0.500000
fAnamFlareCurve=1.200000
bAnamFlareEnable=0.000000
fBloomAmount=0.010000
fLensdirtSaturation=2.000000
fBloomTint=0.700000,0.800000,1.000000
fLensdirtIntensity=0.400000
bLensdirtEnable=0.000000
fFlareLuminance=0.095000
iLensdirtMixmode=1.000000
fLensdirtTint=1.000000,1.000000,1.000000
bLenzEnable=0.000000
fAnamFlareThreshold=0.900000
fAnamFlareWideness=2.400000
fAnamFlareAmount=14.500000
fAnamFlareColor=0.012000,0.313000,0.588000
fLenzIntensity=1.000000
fLenzThreshold=0.800000
fChapFlareTreshold=0.900000
bChapFlareEnable=0.000000
iChapFlareCount=15.000000
fChapFlareDispersal=0.250000
fChapFlareSize=0.450000
fFlareIntensity=2.070000
fChapFlareCA=0.000000,0.010000,0.020000
fChapFlareIntensity=100.000000
fGodrayDecay=0.990000
fGodrayExposure=1.000000
fGodrayWeight=1.250000
iGodraySamples=128.000000
fGodrayDensity=1.000000
fGodrayThreshold=0.900000
fFlareBlur=200.000000
fFlareTint=0.137000,0.216000,1.000000

[FilmGrain.fx]
Intensity=0.600000
Variance=0.500000
Mean=0.500000
SignalToNoiseRatio=6.000000

[ChromaticAberration.fx]
Shift=1.250000,-1.250000
Strength=2.000000

[crt-easymode.fx]
texture_sizeX=1920.000000
video_sizeX=1920.000000
SCANLINE_BRIGHT_MIN=0.350000
texture_sizeY=1200.000000
video_sizeY=1200.000000
MASK_STRENGTH=0.300000
SHARPNESS_H=0.500000
SHARPNESS_V=1.000000
MASK_DOT_HEIGHT=1.000000
MASK_DOT_WIDTH=1.000000
MASK_STAGGER=0.000000
MASK_SIZE=1.000000
SCANLINE_STRENGTH=1.000000
GAMMA_OUTPUT=1.800000
SCANLINE_BEAM_WIDTH_MIN=1.500000
SCANLINE_BEAM_WIDTH_MAX=1.500000
SCANLINE_BRIGHT_MAX=0.650000
SCANLINE_CUTOFF=400.000000
GAMMA_INPUT=2.000000
BRIGHT_BOOST=1.200000
DILATION=1
ENABLE_LANCZOS=0

[crt-geom.fx]
video_sizeX=1920.000000
texture_sizeX=1920.000000
d=4.000000
scanline_weight=0.000000
video_sizeY=1200.000000
interlace_toggle=0.000000
texture_sizeY=1200.000000
CRTgamma=2.000000
OVERSAMPLE=0.000000
lum=0.000000
R=1.500000
monitorgamma=2.500000
CURVATURE=1.000000
cornersize=0.035000
cornersmooth=300.000000
x_tilt=0.000000
INTERLACED=0.000000
y_tilt=0.000000
overscan_x=100.000000
overscan_y=100.000000
DOTMASK=0.000000
SHARPER=1.000000
aspect_x=4.000000
aspect_y=3.000000

[crt-lottes.fx]
maskLight=2.000000
video_sizeY=1200.000000
resX=1920.000000
video_sizeX=1920.000000
resY=1200.000000
shadowMask=4.000000
hardPix=-3.000000
hardScan=-8.000000
warpX=0.000000
warpY=0.000000
maskDark=0.900000
scaleInLinearGamma=1.000000
hardBloomPix=-1.500000
brightBoost=1.000000
hardBloomScan=-2.000000
bloomAmt=1.000000
shape=2.000000
doBloom=1.000000

[image-adjustment.fx]
monitorGamma=2.400000
G=0.850000
targetGamma=2.500000
saturation=1.000000
luminance=0.750000
contrast=1.200000
brightness=0.000000
R=0.900000
B=1.000000

[flicker.fx]
brightness=0.993000

[SMAA.fx]
EdgeDetectionType=1.000000
EdgeDetectionThreshold=0.010000
MaxSearchSteps=100.000000
MaxSearchStepsDiagonal=16.000000
CornerRounding=5000000.000000
DebugOutput=0.000000

